1.593890e+3	   2.053038e+3	 1.231226e+3	2.327785e+2		0
2.706708e+3	   1.483131e+3	 5.772723e+2	7.411230e+1		0
1.466143e+2	  -1.048442e+2	-6.795374e+1   -1.391127e+1		0
4.141960e-2	   4.564888e-2	 2.958542e-2	5.571483e-3		0
3.426349e-1	   0			 0				0				0

1.949814e+1	   1.758178e+0	-6.008212e+0   -4.470533e+0		0 
4.903830e+0	   0			 0				0				0
5.212154e-2	   3.166411e-2	-2.750074e-3   -2.271549e-3 	0
1.312179e+0	  -3.294936e-1	 9.231860e-2	2.610989e-2		0 
8.073972e-1	   0			 0				0				0  

1.031538e+0	  -2.434480e-1	 7.732821e+0	6.460705e+0		1.374484e+0 
1.043715e+0	  -1.577474e+0	-5.168234e+0   -5.596506e+0	   -1.299394e+0 
7.859573e+2   -8.542048e+0  -2.642511e+1   -9.585707e+0		0  
3.858911e+3    2.459681e+3  -7.630093e+1   -3.486057e+2    -4.861703e+1 
2.888720e+2    2.952979e+2   1.850341e+2    3.797254e+1		0 
7.196580e+0    5.613746e-1   3.805871e-1    8.398728e-2		0 

0			   0			 0				0				0


2.187715e-1   -2.154437e+0  -3.768678e+0   -1.975518e+0    -3.021475e-1
1.466440e+0    1.839725e+0   6.442199e+0    4.023635e+0     6.957529e-1
2.652091e+1    8.178458e+1   1.156058e+2    7.633811e+1     1.950698e+1
1.472103e+0   -2.947609e+0  -3.312828e+0   -9.945065e-1	    0 
3.071048e+0   -5.679941e+0  -9.745523e+0   -3.594543e+0     0
2.617890e+0    1.019135e+0  -3.292551e-2   -7.445123e-2     0
1.075567e-2    1.773287e-2   9.610479e-3    1.732469e-3     0
1.476246e+0    1.899331e+0   1.195010e+0    3.035051e-1     0
5.502535e+0   -6.601663e-2   9.968707e-2    3.599801e-2		0




9.511033e+1    6.819618e+1  -1.045625e+1   -1.474939e+1		0
3.113458e+1    1.012033e+1  -4.650511e+0   -2.463185e+0		0
1.413057e+0    4.578814e-1  -6.850581e-2   -5.588658e-2		0
3.910862e+1    5.196646e+1   2.264970e+1    2.873680e+0		0
4.597479e+0   -2.855179e-1   2.709724e-1	0				0
6.682518e+0    2.827718e-1  -7.294429e-2	0				0

0			   0			 0				0				0


1.910302e-1    1.158624e-1   3.348990e-2    2.599706e-3		0
3.931056e-1    7.277637e-2  -1.366593e-1   -4.508946e-2		0
3.267776e-1    1.204424e-1   9.988332e-2    2.455361e-2		0
5.990212e-1    5.570264e-2   6.207626e-2    1.777283e-2		0




7.330122e-1    5.192827e-1   2.316416e-1    8.346941e-3		0 
1.172768e+0   -1.209262e-1  -1.193023e-1   -2.859837e-2		0
3.982622e-1   -2.296279e-1  -2.262539e-1   -5.219837e-2		0
3.571038e+0   -2.223625e-2  -2.611794e-2   -6.359648e-3		0
1.9848e+0      1.1386e+0     3.5640e-1	    0				0
6.300e-2       4.810e-2      9.840e-3	    0				0
1.200e+0       2.450e+0	     0			    0				0




2.321400e-1    1.828075e-3  -2.232007e-2   -3.378734e-3		0
1.163659e-2    3.427682e-3   1.421393e-3   -3.710666e-3		0
1.048020e-2   -1.231921e-2  -1.686860e-2   -4.234354e-3		0
1.555590e+0   -3.223927e-1  -5.197429e-1   -1.066441e-1		0
9.7700e-2     -2.3100e-1    -7.5300e-2	    0				0 
2.4000e-1      1.8000e-1     5.9500e-1	    0				0 
3.3000e-1      1.3200e-1     2.1800e-1      0				0
1.1064e+0      4.1500e-1     1.8000e-1      0				0
1.1900e+0      3.7700e-1     1.7600e-1	    0				0 




3.855707e-1   -6.104166e-1   5.676742e+0    1.060894e+1 	5.284014e+0
3.579064e-1   -6.442936e-1   5.494644e+0    1.054952e+1 	5.280991e+0
9.587587e-1	   8.777464e-1   2.017321e-1    0				0
1.5135e+0	   3.7690e-1	 0		   	    0				0




4.907546e-1   -1.683928e-1  -3.108742e-1   -7.202918e-2		0 
4.537070e+0   -4.465455e+0  -1.612690e+0   -1.623246e+0		0 
1.796220e+0    2.814020e-1   1.423325e+0    3.421036e-1		0
2.256216e+0    3.773400e-1   1.537867e+0    4.396373e-1		0
8.4300e-2     -4.7500e-2    -3.5200e-2	    0				0
7.3600e-2      7.4900e-2     4.4260e-2      0				0
1.3600e-1  	   3.5200e-2	 0			    0				0
1.564231e-3    1.653042e-3  -4.439786e-3   -4.951011e-3	   -1.216530e-3 
1.4770e+0  	   2.9600e-1	 0			    0				0
5.210157e+0   -4.143695e+0  -2.120870e+0    0				0
1.1160e+0      1.6600e-1	 0			    0				0

1.071489e+0   -1.164852e-1  -8.623831e-2   -1.582349e-2		0
7.108492e-1    7.935927e-1   3.926983e-1    3.622146e-2		0
3.478514e+0   -2.585474e-2  -1.512955e-2   -2.833691e-3		0
9.132108e-1   -1.653695e-1   0 			    3.636784e-2		0
3.969331e-3    4.539076e-3   1.720906e-3    1.897857e-4		0
1.600e+0  	   7.640e-1  	 3.322e-1	    0				0 




8.109e-1      -6.282e-1	     0			    0				0
1.192334e-2    1.083057e-2   1.230969e+0    1.551656e+0		0
-1.668868e-1   5.818123e-1  -1.105027e+1   -1.668070e+1		0
7.615495e-1    1.068243e-1  -2.011333e-1   -9.371415e-2		0 
9.409838e+0    1.522928e+0   0			    0				0
-2.7110e-1    -5.7560e-1    -8.3800e-2	    0				0
2.4930e+0      1.1475e+0	 0			    0				0




0.39704170		-0.32913574		0.34776688		0.37470851		0.09011915
8.52762600		-24.41225973	56.43597107		37.06152575		5.45624060
0.00025546		-0.00123461		-0.00023246		0.00045519		0.00016176
5.43288900		-8.62157806		13.44202049		14.51584135		3.39793084
5.56357900		-10.32345224	19.44322980		18.97361347		4.16903097
0.78866060		-2.90870942		6.54713531		4.05606657		0.53287322
0.00586685		-0.01704237		0.03872348		0.02570041		0.00383376

1.71535900		 0.62246212		-0.92557761		-1.16996966		-0.30631491
6.59778800		-0.42450044		-12.13339427	-10.73509484	-2.51487077
10.08855000		-7.11727086		-31.67119479	-24.24848322	-5.33608972
1.01249500		 0.32699690		-0.00923418		-0.03876858		-0.00412750
0.07490166		 0.02410413		 0.07233664		 0.03040467		 0.00197741
0.01077422		 0				 0				 0				 0
3.08223400		 0.94472050		-2.15200882		-2.49219496		-0.63848738
17.84778000		-7.45345690		-48.96066856	-40.05386135	-9.09331816
0.00022582		-0.00186899		 0.00388783		 0.00142402		-0.00007671