3.9700e-1     2.8826e-1     5.2930e-1	  0			    0
0			  0				0			  0 			0	
0			  0				0			  0			    0
9.960283e-1   8.164393e-1   2.383830e+0   2.223436e+0   8.638115e-1
2.561062e-1   7.072646e-2  -5.444596e-2  -5.798167e-2  -1.349129e-2
1.157338e+0   1.467883e+0   4.299661e+0   3.130500e+0   6.992080e-1 
4.022765e-1   3.050010e-1   9.962137e-1   7.914079e-1   1.728098e-1



0			  0				0			  0				0
2.751631e+3   3.557098e+2   0			  0			    0
-3.820831e-2  5.872664e-2   0			  0			    0	
1.071738e+2  -8.970339e+1  -3.949739e+1   0			    0	 
7.348793e+2  -1.531020e+2  -3.793700e+1   0			    0
9.219293e+0  -2.005865e+0  -5.561309e-1   0			    0



2.917412e+0   1.575290e+0   5.751814e-1   0			    0
3.629118e+0  -9.112722e-1   1.042291e+0   0			    0
4.916389e+0   2.862149e+0   7.844850e-1   0			    0 



0			  0				0			  0				0 
5.496045e+1  -1.289968e+1   6.385758e+0   0			    0
1.832694e+0  -5.766608e-2   5.696128e-2   0			    0
1.211104e+2   0			    0			  0			    0 

2.214088e+2   2.187113e+2   1.170177e+1  -2.635340e+1   0
2.063983e+0   7.363827e-1   2.654323e-1  -6.140719e-2   0
2.003160e+0   9.388871e-1   9.656450e-1   2.362266e-1   0

1.609901e+1   7.391573e+0   2.277010e+1   8.334227e+0   0
1.747500e-1   6.271202e-2  -2.324229e-2  -1.844559e-2   0
0			  0				0			  0				0
2.752869e+0   2.729201e-2   4.996927e-1   2.496551e-1   0
3.518506e+0   1.112440e+0  -4.556216e-1  -2.179426e-1   0 



1.626062e+2  -1.168838e+1  -5.498343e+0   0			    0
3.336833e-1  -1.458043e-1  -2.011751e-2   0				0
7.425137e+1   1.790236e+1   3.033910e+1   1.018259e+1   0
9.268325e+2  -9.739859e+1  -7.702152e+1  -3.158268e+1   0
2.474401e+0   3.892972e-1   0			  0				0
1.127018e+1   1.622158e+0  -1.443664e+0  -9.474699e-1   0



0			  0				0			  0				0
1.445216e-1  -6.180219e-2   3.093878e-2   1.567090e-2   0
1.304129e+0   1.395919e-1   4.142455e-3  -9.732503e-3   0
5.114149e-1  -1.160850e-2   0		  	  0				0



1.314955e+2   2.009258e+1  -5.143082e-1  -1.379140e+0   0
1.823973e+1  -3.074559e+0  -4.307878e+0   0				0 
2.327037e+0   2.403445e+0   1.208407e+0   2.087263e-1	0
1.997378e+0  -8.126205e-1   0			  0				0
1.079113e-1   1.762409e-2   1.096601e-2   3.058818e-3   0
2.327409e+0   6.901582e-1  -2.158431e-1  -1.084117e-1	0



0			  0				0			  0				0
2.214315e+0  -1.975747e+0   0			  0				0
0			  0				0			  0				0
5.072525e+0   1.146189e+1   6.961724e+0   1.316965e+0	0
5.139740e+0   0			    0			  0				0



0			  0				0			  0				0
1.125124e+0   1.306486e+0   3.622359e+0   2.601976e+0 	3.031270e-1
3.349489e-1   4.531269e-3   1.131793e-1   2.300156e-1	7.632745e-2
1.467794e+0   2.798142e+0   9.455580e+0   8.963904e+0   3.339719e+0
4.658512e-1   2.597451e-1   9.048179e-1   7.394505e-1   1.607092e-1
1.0422e+0     1.3156e-1     4.5000e-2 	  0				0
1.110866e+0   9.623856e-1   2.735487e+0   2.445602e+0   8.826352e-1
-1.584333e-1 -1.728865e-1  -4.461431e-1  -3.925259e-1  -1.276203e-1
