0.153e4 	1.03	0.15	0.15
0.231e4 	2.25	0.32	0.32
0.36e4		2.87	0.58	0.42
0.45e4		4.57	0.73	0.47
0.67e4		6.74	1.25	0.94
0.81e4		8.04	1.62	0.92
1.1e4 		9.71	3.0		1.9
1.6e4 		9.02	2.62	1.68
2.2e4 		7.92	2.04	1.21
1.25e4 		11.57	2.6		2.6
1.6e4 		11.5	1.5		1.5
2.12e4 		10.0	0.8		0.8
3.6e4 		5.4		1.4		1.4
4.5e4 		3.5		0.9		0.9
5.8e4 		3.6		0.9		0.9
8.0e4 		2.6		0.7		0.7
24e4		2.29	0.09	0.09
70e4		5.4		0.4		0.4
70e4		7.4		1.9 	1.9
24e4		2.0		0.2		0.2
70e4		7.1		1.0		1.0
160e4		13.4	1.7		1.7
100e4		6.33	1.67	1.67
160e4		6.58	1.62	1.62
250e4 		8.5		0.6		0.6
350e4		4.8		0.3		0.3
500e4		2.2		0.2		0.2
250e4		7.4		1.42	1.42
350e4		4.5		0.9		0.9
500e4		1.54	0.34	0.34