0.04972375690607723 -1.8888888888888888

0.298342541436464 -1.734567901234568

0.5469613259668508 -1.5740740740740742

0.7790055248618782 -1.4074074074074077

0.9944751381215471 -1.3024691358024691

1.3591160220994476 -1.1790123456790127

1.7734806629834254 -1.074074074074074

2.287292817679558 -1.0

2.850828729281768 -0.9876543209876543

3.39779005524862 -1.04320987654321

3.8950276243093933 -1.117283950617284

4.259668508287294 -1.1851851851851856

4.657458563535911 -1.2654320987654324

5.022099447513813 -1.3580246913580247

5.436464088397791 -1.450617283950617

5.817679558011051 -1.5493827160493827

6.200000000000000 -1.6300000000000000
6.600000000000000 -1.7200000000000000
7.000000000000000 -1.8100000000000000
7.500000000000000 -1.9000000000000000
8.000000000000000 -2.0000000000000000
9.0 -2.0
10.0 -2.0
11.0 -2.0
12.0 -2.0
